5876
4403
9233
6971
8449
2753
7701
2119
2435
9741
3523
3743
8925
663
4015
5644
441
2260
1863
5045
7512
4972
1275
5834
554
5880
4122
113
6322
1643
3882
4611
7605
5628
2593
811
2810
5299
412
6403
5823
112
763
1728
6299
7371
8047
2922
1867
320
7605
287
3200
31
2542
6288
1570
5534
9210
8078
6820
7834
5039
4843
9445
1224
1969
5546
4683
6921
1
1732
8054
2975
6053
7262
4785
8250
5532
7542
3865
4187
3629
9027
540
6979
3241
2387
6715
2522
524
9393
9010
9595
9222
8981
6206
4069
7059
2353
60
850
779
9214
1062
1098
6735
9814
2576
9494
3450
7649
919
2838
1652
7563
1407
3126
9610
2894
5708
7205
8757
9373
4016
8016
9556
9154
3374
2618
7531
5432
1504
8725
8311
8220
1275
3256
1419
3559
4258
247
4576
8781
592
6543
6205
7324
3917
1073
7381
9362
2976
4379
7299
6920
7778
7846
2996
8354
5793
4367
5360
6434
394
6684
8988
9704
7757
641
5399
1214
9199
4730
2263
481
7994
8965
3786
5793
772
6529
1193
5512
3125
1351
7379
7395
2622
9386
5606
9584
2032
634
8677
7399
1354
6715
5889
9463
5760
5868
6932
839
4056
6257
163
2378
6642
5672
9519
5712
7405
9434
1493
2367
205
5556
9008
451
6991
5471
4423
4868
4089
1713
4975
3505
2535
5117
6069
8085
9823
2387
8144
3319
4805
3414
2399
8806
8321
2743
1855
7849
5233
1453
1880
3328
6964
3927
4908
1708
1929
105
7097
7780
1352
1078
3212
9635
5045
5822
7202
6104
5271
8018
946
9314
7395
5752
8705
7841
1687
8460
4569
7158
2474
5686
36
4468
7363
9397
7316
9341
253
430
4449
1527
1101
67
8850
3630
1564
7847
4116
7904
7902
8722
4132
2467
4068
6021
1807
6143
2074
7809
6885
7815
2516
497
9001
2018
6970
8095
6614
5403
5372
3274
8884
8871
248
253
9913
7477
7020
7752
6745
5358
4060
9608
488
9443
3928
1558
9917
8637
8246
7381
301
4461
1760
4728
7686
6215
9407
6595
4075
6787
3678
8170
8289
6973
3518
2965
7764
6890
9835
5801
1542
6022
760
8471
8488
4676
3778
7293
8057
9739
1278
5526
2209
9754
975
7123
3458
6557
9078
212
2335
8576
1627
7646
8912
9287
5652
2660
4187
5952
2162
9519
5060
5026
5884
1464
6179
1012
1951
1353
9812
1767
1085
2677
7177
5259
7096
3302
9473
3976
713
7459
4044
2129
1424
8631
2418
8961
8865
2365
8462
4294
8984
8968
8338
1247
6558
1139
8555
282
4563
2330
4151
356
236
2212
5403
9279
9481
2029
7298
6220
5900
4583
3959
7832
5219
4860
1985
2864
7328
7344
4398
3904
2079
7878
2640
1212
542
3056
164
5761
1130
3083
4214
775
1487
2061
1843
9243
2293
3011
4716
2290
6510
5229
1169
2373
9200
8175
474
8501
5454
8349
811
8311
9885
4928
683
2438
2214
2988
7638
4894
5978
9751
4737
766
4765
6852
1612
9210
7920
7348
5283
5278
7023
1812
4853
5758
9764
566
8611
7813
306
1860
4780
8922
4876
3490
9403
6502
5478
8062
6166
70
4434
4765
8900
6370
551
4426
1163
9639
4699
4925
462
7402
2019
3899
549
6430
9402
8325
3607
3687
8314
1918
6096
3558
6033
7045
3551
5452
8139
4058
259
3444
3993
2517
7505
3978
5821
9733
657
9782
5779
6628
4414
5183
8895
675
3078
9950
5465
7930
908
4525
4400
2286
6717
7034
8538
7730
2293
2842
4101
1757
5336
5051
8582
4066
5574
1144
7317
1507
8610
3386
7565
4100
9872
8517
8370
8313
6747
2814
8020
9684
3812
5055
429
9698
7391
1183
7303
8429
8720
6240
6157
6459
2363
6219
2840
5487
5880
7710
8919
1989
1832
9640
1293
2238
1658
488
1112
9940
8758
4082
8749
9855
3354
2187
3308
7102
1840
2204
6019
1526
1777
5553
7837
2883
4146
7342
6401
8107
9591
2586
9037
6073
1518
3747
1245
9201
8241
6890
7446
2983
8097
6165
8959
2937
247
322
8014
1162
5231
4207
3557
489
4638
6739
7362
7939
1496
3369
4608
3911
4016
8212
3587
3852
5659
6425
8007
141
9770
9911
7329
4867
4739
2437
1329
8272
1260
3768
5375
3108
269
1211
9345
4649
4959
9945
6161
7201
6262
9730
1015
4213
8777
1659
1038
5218
6315
3718
3914
4556
6827
1176
8258
3911
9010
8379
6386
6549
7819
1045
7636
8877
8925
24
4269
5591
1675
7788
2539
6480
2995
5480
9643
2413
2426
8797
723
3300
9012
9915
71
7032
6241
2046
5972
1753
168
5734
9733
2104
7839
1125
3414
3876
678
357
2214
4571
8749
3335
6381
1881
5406
5346
3157
3957
8386
8671
4799
9420
1559
1267
578
2619
9319
1575
6597
1811
5602
1921
5304
5382
943
6695
9412
4587
6313
2849
8211
827
140
5894
5936
6559
8862
5571
2712
5443
367
639
5871
6281
1035
7374
427
2926
7699
532
7872
8610
8093
9239
6082
2634
2733
4448
8431
1843
2940
2476
3216
2226
2911
5829
3659
2672
5757
186
8557
1637
4708
2203
5918
2173
9171
8643
8869
8841
8535
9621
989
5367
1316
3082
334
9475
7969
5180
6437
6844
1425
3428
4510
8807
2163
8452
1536
1505
8864
964
2580
4597
3112
3869
2969
255
3398
3133
483
3241
1799
9935
8217
1696
532
6218
4574
1381
6522
1823
2957
6282
1258
8925
4692
9638
6051
4089
1637
2099
5747
2998
9537
7709
1202
753
1374
1699
3759
6794
2894
5337
8825
8894
2395
6309
1701
5612
2407
3621
5402
8212
9318
1820
8572
5992
6076
371
116
3645
5726
6201
1475
4591
9734
806
2202
7321
4889
918
1396
2283
162
1096
1687
6021
640
4963
1926
6935
8873
1194
6433
4640
3302
2196
6668
8421
5897
5763
2950
3725
4848
8725
5287
1603
868
4945
6226
9262
4418
3893
7741
7938
9208
8631
9998
2862
6244
2120
9670
1391
901
5579
7224
5405
126
2325
253
4734
813
4475
5394
8511
