9420
7343
2747
8262
5556
3571
1452
1105
9731
3074
5123
2028
2757
7286
4854
5398
3189
8106
7585
5135
3468
4027
7621
9777
4205
7424
4171
9122
2510
6343
5341
4082
4868
942
6349
8126
7062
1798
5129
2613
5527
7880
9552
7963
2875
7307
576
1955
1304
8067
1082
2713
1422
2476
1473
474
5406
2154
9831
5169
708
8998
518
3111
5856
9113
4882
8874
593
3424
8668
7373
31
8417
8792
6161
1785
1050
6208
722
9415
229
436
8581
3184
2009
2871
409
6739
1670
7608
5449
5356
1260
9481
181
7698
1811
239
5383
5855
5893
1358
921
9565
4573
9711
7898
5891
4667
2878
7063
4925
813
3211
3031
9314
9152
8470
6195
6722
4584
9330
9538
1174
4547
7081
1571
2032
6224
9906
5399
1206
5333
1541
1990
4187
1652
6419
2702
4970
7458
987
8990
6438
9049
4944
1369
9941
5165
1838
2489
3894
30
9424
5200
9025
3765
7357
9809
6864
1825
7995
7525
2723
5816
8105
4919
3855
2598
5431
6597
1996
9471
8824
7349
3636
5925
9643
1478
5268
7921
2272
1758
9516
6820
617
8202
8205
2007
8661
5253
8922
7298
3793
7300
3281
3878
42
9733
6454
3056
216
334
7275
1527
4278
4297
4164
7832
9046
5360
1726
3836
493
9285
8382
2081
2520
3806
1941
2605
2188
1528
7723
6627
9192
8579
4130
9347
4880
9722
974
116
3361
1953
5803
5201
7849
6509
6816
273
1160
8983
4353
9451
6473
1328
7477
5250
9015
4565
3642
4478
4033
2105
7529
492
2619
3822
5854
5040
9186
8136
6832
9225
3042
917
1616
3919
6262
1701
832
2803
2449
2554
3673
9310
7684
3013
1809
1740
3226
3740
8919
7452
6875
1434
3150
274
6458
897
2162
2659
3096
2328
5739
564
6695
8745
5575
243
7438
6571
5350
9972
4682
8179
3860
8821
5697
6630
4018
4257
5930
988
5329
7659
1960
2620
4408
2134
423
6059
7607
5606
9978
5061
4503
9233
8355
4410
5615
4194
8991
8004
6908
3288
1610
9404
4184
2535
4340
4828
4988
3887
9657
4566
1979
5574
1196
300
397
8272
692
3272
6503
7114
8028
8992
628
5795
5370
9502
4971
5759
8316
3109
287
9250
8094
5143
7940
6694
6406
3009
7093
9580
3842
8057
6704
7440
4663
5458
9273
4932
4968
196
6130
9899
4904
2671
8101
7145
8927
3224
152
1232
5464
5605
2436
8506
7942
9271
5921
8830
3623
5331
2066
4092
9829
5195
5498
5226
880
8734
5448
7697
7960
4818
5863
1379
8993
3734
3541
4773
5596
7478
9545
2068
1412
594
8203
7287
6355
7841
8175
9639
8974
3508
532
3516
3995
8844
9254
9188
8410
6744
2662
72
1895
1959
6411
5326
2191
9351
8429
8251
607
5082
7652
7745
2412
1254
6671
5133
1192
4136
8917
5683
7167
4405
8130
6932
8185
95
5171
5686
7117
8507
6960
7514
374
9378
1049
2771
6733
2339
5276
5901
4486
7636
8158
2138
1513
520
690
2329
9463
453
1980
5267
7847
8060
8822
1331
8741
2419
9072
8441
430
7466
7969
4475
4158
5172
6168
41
703
3802
5754
728
2013
6256
6692
833
7845
9009
9058
117
5038
3348
1361
7001
7564
5420
120
4168
730
4367
5144
8910
8628
74
4348
1037
5018
8735
400
6381
2121
4736
5782
401
6488
420
3353
1664
7005
4949
3760
2288
9429
2334
5753
3657
9912
3557
9499
3871
6008
7392
5492
1744
2627
528
1180
4220
4111
6363
1783
737
5611
7231
5115
627
4261
6623
7640
8749
2347
9504
5404
6090
6590
7074
5414
4121
2679
8173
3986
3173
4678
4481
6899
9634
5681
4221
3164
3334
5202
7941
5771
6978
7427
6502
68
5365
4660
5988
9159
7310
7396
2779
9795
591
3505
6859
3529
7650
3898
1449
9963
2087
3218
1479
9842
3527
5540
2629
7846
1224
3293
2807
4935
179
506
7448
4312
875
2379
1972
4344
154
9981
2980
4138
6261
3094
8313
1974
2955
7086
6071
3622
5411
125
1277
2342
4295
945
6128
3564
54
7219
1932
727
1286
1665
5184
9820
3959
2819
5206
5783
5197
1988
2387
6618
4458
1534
8489
9132
6400
8464
8080
577
8808
3546
2008
9137
8340
6926
1504
3128
5109
3614
8196
5983
6097
7795
4568
2120
943
69
769
6358
5307
4867
9456
4455
9497
3555
3350
5997
4683
6397
625
7133
9705
4732
1817
3207
8908
7756
3176
7213
9527
7335
6126
4650
7450
5207
6453
1800
5027
9430
3458
1255
3664
2868
9623
9053
2780
3670
4812
6865
655
4075
9546
5706
8242
406
6518
2037
3905
3415
3126
3699
4032
8321
5142
6104
5317
9627
7506
8859
2228
3146
8793
5568
5912
9215
8042
2984
1474
3706
949
9280
3850
4550
1769
7858
3405
8312
6259
7341
3849
7725
2690
5766
8915
2503
4149
5466
9023
9056
276
4822
1300
8088
7677
2320
7412
4947
7136
6760
6372
9235
6067
4741
2172
6910
3570
1865
1284
3418
3407
5671
166
8227
2724
3873
9364
9725
8552
2638
5908
2850
5306
1970
1383
606
2963
8407
5785
7823
328
9979
6902
9816
9707
7264
5336
2789
2999
2048
9730
5031
298
6990
4362
6254
939
223
8284
3337
3462
5813
9209
5709
2525
2919
4071
183
2547
5675
8183
6070
4763
3231
94
542
6949
6327
600
4129
4360
5903
4614
8259
1073
445
6420
4314
7184
9558
9366
6163
5546
7773
7400
9136
4216
9315
6783
1649
8058
955
2157
4977
6079
8157
3512
353
8865
6952
4358
1493
3274
3044
3046
268
8043
6207
5384
391
4084
3581
668
5517
1531
4837
6162
6740
6348
6283
6323
3895
1461
6972
3492
7234
6429
2934
2542
1835
7104
9027
9220
530
5641
8733
7860
2424
7925
3186
3358
9496
4677
7141
3821
4240
5614
3575
677
6196
8809
9753
8849
8079
8038
8219
8201
7678
6575
6101
8774
3447
2201
7460
5607
4810
2590
6209
6544
8171
1658
8604
9338
7132
3457
8725
1917
3266
6964
5113
3723
6761
2566
8250
4594
8575
9865
2061
9758
8655
7951
7468
8071
7740
3630
9446
7986
9171
952
7443
9344
5442
8354
7429
5627
7881
1697
6963
5762
6976
3797
7251
2861
9130
5505
6712
2487
6157
5601
2223
8545
6883
6347
1961
4396
8916
8229
3026
9800
4658
8675
67
3606
9839
1993
4437
9029
2194
1103
870
3463
4148
7170
9359
7810
9607
8422
7470
6370
4161
6393
8778
1876
3474
9289
2946
4950
348
6866
3016
3580
712
6330
6801
26
1672
3236
7269
2053
6533
5768
1657
4602
4866
5118
7785
1613
1226
9555
1258
8897
3246
5033
9681
8588
2942
8389
8610
9656
6472
8637
112
3038
8574
2116
1387
2643
6975
1048
149
9390
2413
1020
3558
8924
9257
9194
5522
9476
8714
2564
7103
1251
2414
9457
4368
5496
8620
8902
2806
3698
2881
6227
7494
6032
3206
2074
8226
4069
671
6249
6632
907
7039
9563
7043
6724
1858
9003
611
2260
4777
1673
7739
7025
4009
5820
688
4301
1095
8662
3938
3989
9723
4931
4719
8862
2151
2216
3307
435
7283
1384
7436
7627
4668
4764
6689
7602
8212
793
246
845
2973
3238
2199
4793
9741
7908
860
1859
3609
1812
9346
3200
8657
9244
4141
7733
3829
9789
7793
2055
9859
7914
3962
8651
4413
9248
471
1429
5352
4620
1830
5495
9291
3373
609
35
198
2790
6719
8534
9263
711
1489
5839
2576
3711
966
1792
4902
7270
9422
2954
2348
6771
2203
5107
2677
3969
5299
8115
9243
5784
8837
6037
8663
3037
4423
7175
6115
6013
128
3082
1456
9413
5100
7783
7864
3433
2215
1167
5699
29
2796
6049
4873
3199
7324
3079
1463
855
2455
8331
1741
3233
8370
2400
4319
3517
6682
9872
3138
824
7102
2021
9971
4262
7521
9324
9982
205
1069
1190
8666
5006
6936
228
6198
7389
5074
1006
7398
2373
4549
3804
1428
7850
6380
7672
8686
1433
313
6076
7814
8215
4990
1454
4441
2372
8051
7212
7662
4502
6838
6523
5351
6668
5935
5377
3595
881
3005
3955
4754
52
6478
5408
5791
8887
393
4680
7285
8630
9892
6455
8840
1552
3243
3747
2853
1607
7623
8921
3586
378
4479
4681
1532
1228
9036
2005
6582
9823
2516
5917
3392
3159
1477
5022
8660
9752
7715
4311
2524
9621
6750
5076
6923
8572
7189
177
4759
6228
1886
1977
442
878
6042
2362
5563
8241
9568
7484
8129
4552
7153
4762
1699
4994
5176
4628
9292
4570
4731
2709
1446
2384
2086
9350
4180
7603
3514
5876
1259
6113
6362
5285
2210
4776
7169
3437
6602
7272
3856
7959
5629
6292
3749
7965
2104
1112
1703
5570
5834
7015
9373
8559
5181
7044
7972
5209
3486
8757
4239
208
2826
5295
9410
3153
4284
6753
7758
5382
3594
1109
355
9086
5124
7929
2882
6152
4858
9746
1583
415
2323
4948
7250
167
7713
3147
5928
5136
4647
2855
2438
9544
2386
176
3694
5960
6267
7125
2418
9825
7878
6187
3081
8270
2995
6747
2264
254
9175
7288
2765
8676
8456
7260
9144
8320
6573
4230
1682
507
2696
2479
390
8151
5177
4725
902
8005
700
3585
9317
9052
531
7955
5947
9960
5205
5234
992
6328
1920
6094
9080
6038
5452
1893
4035
1147
6748
340
9117
3868
7801
1693
6214
2951
9956
8009
8988
142
7291
5647
9174
5334
4072
8851
8254
1042
4921
9200
9635
6536
7848
3446
8132
119
7488
1535
866
2883
1028
1120
4133
1211
8955
9569
2502
1225
4798
5263
3951
4659
3102
623
8643
455
1029
4782
7939
9523
1804
33
4692
8165
4049
9677
8193
3
8454
3944
7605
1356
5550
1061
9649
4260
4855
4244
7414
5716
7734
9613
7593
389
9361
2391
3886
6175
7296
3440
4796
5187
2103
7718
8624
6201
5987
1623
1281
9959
431
1752
573
3553
388
7293
8086
3750
7828
4215
2050
5899
8017
7629
9790
3132
448
5666
8680
1883
3538
2444
7116
4591
4065
2025
2846
4720
39
7362
666
3035
78
3430
633
4172
5970
6345
4000
6074
784
3700
3491
462
2397
5559
5676
2798
6823
9081
1627
3253
1989
8742
9509
8711
3445
8113
1395
8443
9566
4047
3125
4146
57
5335
6275
7541
5117
950
6775
1368
857
5923
9743
9961
6842
8112
3526
8455
8743
6081
5050
3461
1214
4265
5009
1788
9600
8195
9644
5036
5914
5191
3788
80
2527
1757
319
2567
2230
9531
1201
2648
1829
9368
6446
1775
9594
3389
7949
5833
2783
7508
7473
7852
9946
1622
47
2047
2685
1770
3588
1396
1299
9562
4728
4170
765
6337
6450
1218
6405
2043
9382
2587
9609
8717
5232
92
9190
2182
6594
7091
2354
9942
8012
4945
9074
5085
509
8860
2168
1364
6629
1813
9835
1153
3290
3662
7127
4666
4492
9868
526
9860
8156
5539
7279
4165
3865
7386
3028
5844
779
1181
4768
1570
3897
28
3948
6715
4690
8213
2299
3228
8190
9843
659
5302
8063
1126
9449
4986
2914
636
71
6303
5953
4583
2124
3600
2553
2652
5053
1946
7687
8493
3260
829
5868
2896
2076
6970
2358
2369
9311
5246
1787
9414
915
3759
9841
726
3493
325
856
9990
5980
1024
8494
3212
9193
6868
9184
3133
3116
2945
6320
2406
1219
9151
3145
1060
6852
1007
9933
5463
2933
1750
6193
2624
8010
188
437
3137
8834
8040
6781
8814
6737
9567
1216
634
9161
9177
806
332
7050
9030
7768
2962
9149
290
7686
1184
62
5488
903
991
4087
7008
9098
2534
6528
1533
4188
6114
5000
3810
8339
3665
4490
1063
5189
4644
3882
2653
9678
5873
2774
8850
8181
2885
8857
5279
541
6125
811
4338
2341
3085
8245
3811
4266
4899
9467
7496
60
5751
9013
3659
4612
187
8833
8225
6297
8118
6055
9157
503
8952
6006
5802
3617
5692
7498
3928
1118
4575
3626
1878
7782
2556
7336
9709
1902
3945
3857
5836
7162
1708
674
2701
4177
2380
7653
5949
5941
8977
5843
6944
7485
88
1916
2027
8529
3396
231
5153
5252
8197
2693
6069
4108
1351
9388
3554
2407
2947
3205
964
8070
1492
8362
3473
7354
2953
3421
100
1761
9454
6014
6522
8208
9885
1323
4562
169
7513
9408
4699
8412
3029
3532
9418
9767
2132
1485
410
7036
8281
9
7197
2041
3902
460
1490
1416
3510
9802
1816
886
6941
3906
383
8633
5058
6369
9655
9630
8512
8599
2513
4836
9295
2408
5421
9356
6854
4960
9737
8893
9438
9112
930
828
5216
9625
6281
4471
2108
7569
8712
2515
2964
6145
3692
2632
8705
5667
782
6933
9791
2753
4267
8301
1338
6537
9287
9640
2656
1399
7159
346
8829
3444
6005
3691
1522
2498
8125
6184
7078
8514
8457
8697
2010
2818
3242
6640
9974
1038
1318
2097
7620
6243
7428
1152
3163
2561
9396
1213
6016
8402
3576
5147
9668
380
9116
8073
598
8149
372
9674
6813
4890
9506
2092
9650
9984
7053
954
1810
7902
4499
2731
4883
4387
7816
2758
6940
8265
1134
1630
3591
2588
9964
1620
6428
8776
1992
6266
1131
5086
8409
1023
6548
822
3451
6563
4062
794
4011
9089
7843
7538
1994
3758
8142
1298
8374
3942
5672
2744
975
8244
7178
1130
3061
3390
6778
5324
2907
7938
1873
5034
9647
2474
3764
473
8089
9980
1243
5828
4849
8877
5459
2711
6696
1057
9749
5691
3117
3645
1309
3345
2158
335
131
2297
8571
6489
5794
180
3322
4357
2583
2752
3308
1128
9261
6221
153
4714
6735
605
4007
351
1881
3420
7402
7202
6092
6730
1934
6336
1144
7780
1912
5599
5188
4088
4060
7271
4093
2849
1704
4852
4804
3183
4042
1727
1931
7420
3054
8180
3349
973
1808
6367
3791
6688
4237
439
7409
5619
7522
3310
3767
1549
1476
5796
2109
3869
834
3923
9559
1229
3355
6043
548
756
1709
2633
8716
9323
2603
8674
630
890
5689
2472
8111
6736
4579
8463
2183
3059
373
1317
1135
6539
5300
9216
9211
7248
7851
5493
9207
9031
710
8907
2530
2454
6156
830
9751
7889
8790
4786
1890
6316
345
3209
4489
7490
7172
1467
2088
2872
3201
672
7461
1198
8246
384
2225
2734
1987
8479
2017
4438
4610
8309
738
6495
260
7433
6708
8609
7181
874
3342
3406
6843
242
6848
9923
9628
1991
8016
2167
3688
3338
2550
1826
8556
6321
5221
8449
3766
447
7854
749
540
2101
4325
3265
6132
3203
3317
6983
441
5874
7973
6776
2635
6805
8806
115
5099
8511
9803
8573
4359
8391
7146
2873
4673
8513
6516
4036
7031
4726
2000
8647
9744
5797
6604
1155
8719
6087
9237
1964
1606
3637
8943
1879
4608
3107
4073
1856
2062
7656
4113
8047
2614
9519
18
118
1381
3499
7155
2665
7668
3139
9417
1523
649
9258
8807
4510
4567
2568
4746
1445
5534
1866
7403
8932
2743
2181
8728
7571
3950
1165
7144
9935
2727
1332
9896
9965
7741
7927
8267
8427
1577
449
7899
1296
7347
4963
7744
5929
6995
8967
3149
9658
9358
859
2786
8986
2799
5255
6122
7582
2416
454
2131
2597
6484
9308
8337
8223
9931
304
8524
2179
1217
5735
4038
7322
8875
3249
7123
8168
697
1954
6127
9402
2795
1209
7825
1245
2404
5875
2837
2078
6792
6947
1602
3472
6901
7754
8121
4727
9813
4224
8466
4783
9041
1520
808
4555
7511
2291
5804
398
6997
7660
2361
4788
5293
9091
7070
679
9914
5507
4300
1645
4742
4767
1407
241
724
9489
9447
2491
2682
9371
6641
5586
3122
2445
3735
6223
4697
8670
5620
6508
9226
6025
3084
6039
5291
7937
7253
295
6787
5701
8527
4063
7404
6656
1847
7359
760
9536
7047
986
9246
2847
6819
7348
5869
6232
2993
696
7027
3489
2118
4207
4409
4964
3985
8823
386
5244
1159
7109
2396
7356
1408
3300
1659
6977
6725
5225
7115
4094
77
6853
8713
5035
9019
4465
7215
684
3743
3520
8688
1111
7268
9391
9040
8700
1272
8722
203
8891
8396
3947
913
8500
757
2243
1087
5818
8894
8869
2350
2692
121
4962
7954
8154
7024
7345
2294
4385
8194
8747
8065
9160
9851
8692
3506
2270
5989
8760
5479
8453
4739
2732
4491
5560
5731
1187
6212
2470
4135
4795
4424
4684
691
7394
4564
6390
4923
6616
5243
2401
2187
6160
5567
8418
5497
7437
9096
44
199
7574
9466
7966
103
1924
985
653
8485
2213
8853
4670
5154
9561
206
9294
6296
4825
8160
8940
2625
1822
3680
2804
4383
1047
9299
6158
7901
1472
105
4778
5966
681
5437
4429
6634
1580
3367
9925
948
5924
144
3484
8866
7353
225
5798
582
3582
4808
4273
2892
8870
3060
9322
7006
4943
8252
2314
9768
2478
8442
4020
411
9769
1662
5767
6811
6062
4037
189
6100
9573
2421
2280
2305
9987
3191
2292
4203
7377
5895
4734
9298
7216
9297
2961
5826
3129
1444
8322
9249
551
4922
2560
635
1874
7462
4577
3291
2968
5208
2548
1142
2921
1514
3768
9673
5858
3572
5069
5489
1982
8046
5364
6194
9954
264
8294
9083
6153
1143
4543
3071
3537
1981
5281
8568
970
6306
8289
6421
5708
6677
9714
8439
3525
5439
6044
909
1089
9598
2506
7983
9277
7857
2777
6807
7018
4514
1853
217
7548
5379
6443
1371
4477
376
1176
7382
4210
3661
4916
1592
3400
7792
8292
1633
2841
2209
4056
5388
4211
1871
1585
2289
869
3528
5931
8881
7905
4872
161
6880
8544
4717
4835
2149
9529
8994
6197
4744
428
7894
9532
4622
1963
1141
3436
3911
5815
2840
7469
9145
2083
4183
7254
4664
961
9773
8363
3320
5272
4765
4980
8491
2640
1432
9224
1360
9377
7319
4066
1781
7752
4606
6169
3276
9840
9202
5551
7517
4807
8580
7912
9632
5597
8694
4497
1940
1043
6474
1140
5349
3347
3178
1443
4619
5190
1615
2788
4597
5652
8603
4842
8523
2558
296
2440
3590
2505
2658
6225
8704
1653
9267
8549
5631
1374
9494
4373
4785
2351
7771
1560
3844
9127
8519
2006
7257
6879
6490
2065
5290
1502
8563
64
5178
5610
2115
4955
568
2894
113
7415
8425
3820
1462
6578
4427
9626
2948
9690
200
3394
5158
354
8528
2185
3413
4414
3543
3202
6151
2312
9201
4869
3649
9548
7034
7590
5990
7576
7618
8810
3845
7578
4109
5545
5194
5628
3092
6368
443
5049
7994
7798
2697
6464
190
4152
2293
143
8421
3377
7256
7492
7510
8538
5413
8818
9328
7313
5020
5765
1747
1149
7835
6861
8606
590
5121
3323
8532
3397
9428
191
8884
6511
1321
6386
8841
5037
7214
3881
7971
2090
8138
7112
7441
7685
4175
1911
8767
6183
8280
1266
5553
4253
7765
7861
6137
8295
9882
2661
8398
8224
8050
5819
1185
263
5312
2748
781
5473
1092
946
8428
5289
6329
5760
8015
8923
8032
6339
4417
6384
8279
3992
1614
4941
4347
2811
5435
9283
4386
305
2452
2770
3813
2938
4269
4846
7209
529
6056
6709
9090
5294
904
7315
6308
4058
6053
2759
5168
2427
6234
227
1123
5183
8069
6164
926
3333
8541
8384
2365
2112
7032
8293
6357
1976
5736
6461
278
6579
402
9775
3879
9479
7520
8516
2575
7573
807
9195
9286
3780
9622
4078
4163
6721
9995
8543
8488
235
7487
9386
3745
320
3258
3309
2532
8349
5770
8969
7737
4379
4226
1510
3497
9033
499
8368
5372
4942
6441
9282
9455
1044
8078
592
6670
4089
3314
8497
3086
4626
7509
7883
6701
9535
2775
6791
574
5669
1683
5822
4525
3604
5636
5354
9124
5562
1748
6646
4453
6030
1507
5451
7201
3903
7915
1491
2672
3329
4834
7142
3425
4201
3568
8469
3825
5642
1308
9694
7917
2924
1688
3495
133
3033
9699
8560
6909
8327
8275
4199
2577
1848
1032
2825
3063
2522
3720
3507
6547
6675
4665
8234
3705
7567
2040
9164
969
602
5571
8782
2909
2716
5440
8695
8029
9108
3635
1928
8328
5937
8062
7730
4057
3647
2080
5582
8553
4551
8375
7855
8386
5660
1921
8997
1424
8474
2244
3174
3141
9837
7657
4352
7598
9828
8159
2035
3101
8691
6057
3214
3889
2812
6011
3980
5296
3817
5976
5938
1237
8779
7560
9385
8306
7769
8638
8693
6018
4421
9919
4182
5632
3091
3057
5554
8480
7815
6667
5511
6350
928
9794
1359
9060
3807
9421
9953
2536
1362
7087
76
6612
9070
9997
1302
9660
3991
3727
7552
7961
5481
4548
844
5418
310
4166
3326
5265
1891
581
9319
8000
2768
4213
1882
9012
768
4691
3545
2740
8914
5810
6353
9697
9764
4766
230
2810
9976
1818
5948
5653
4599
7936
8155
8948
5792
6969
129
6391
8445
8906
2990
535
4641
4781
4142
4505
9155
1518
1943
4248
1486
1536
687
1539
2667
4153
2903
9000
8980
7464
8536
4374
2256
1273
9229
1079
4634
2918
9530
823
2800
1944
2720
4625
4589
1194
50
1276
9480
7897
4859
3030
3561
3739
5149
1333
8204
4903
9021
3083
8634
7545
8904
4467
4636
5371
9069
4086
7312
2555
1790
7749
3714
9439
7626
3087
4
1543
5
6332
3848
8393
5233
7944
6150
5679
174
6465
261
1280
1054
3341
8451
5933
4827
7397
3808
4760
4431
5474
4838
7645
6226
8592
6387
6968
2537
9238
1158
2601
5622
5084
5239
3023
6596
3294
2852
6746
9582
9279
643
8404
4334
7561
7813
3020
2486
3185
4560
3968
3123
2447
1691
9890
8492
234
6693
8912
6664
1833
8913
5313
4733
4718
4156
2263
9010
3219
1340
9601
8278
2480
905
2657
3518
7435
258
2098
3744
4432
4398
2669
3583
848
5028
8871
9518
3946
7580
5485
3601
6812
3736
8876
2865
173
2344
7952
7551
7225
9407
8271
2054
9154
98
7289
7717
3851
1550
962
3872
9383
2226
1170
1600
4134
9873
5523
8022
5029
3103
519
9348
3787
4397
6414
4751
6720
4462
7118
6794
5015
2719
8319
3858
9082
7245
3021
1575
5024
4958
5081
6507
4243
4287
7716
8701
3112
9543
6552
7896
3593
1022
5095
3781
4279
4524
6334
8372
1346
3423
7719
6542
8831
5864
8052
7935
7570
83
8845
2175
5174
2970
1516
452
7151
8210
6662
2045
4448
2523
1864
21
3552
6888
9970
3220
3922
1285
6530
1164
2367
5046
7122
9349
2570
7748
865
2394
2375
5315
5446
5083
1632
7528
3956
4642
8361
9700
3374
3677
2057
3269
9444
5080
2839
5589
1901
9376
6200
8359
5148
8018
9440
9877
2898
2197
5063
1435
8622
936
9783
8665
1301
1695
9392
6149
8477
4025
7892
9448
6643
1975
4337
6445
5367
1156
6003
1283
8802
5185
9071
3893
2673
3166
175
4926
3737
8431
7531
9510
4336
6925
4831
8732
6364
2736
1125
9703
3432
1426
629
7859
1154
4293
4200
2189
853
9973
816
9952
450
3632
1821
139
2926
9659
5845
3427
4511
1393
9099
689
8727
6729
6598
3809
6434
2785
6007
6962
9166
2137
6810
2927
8593
4905
1718
9278
2512
6012
7527
341
6246
1172
8756
6553
8590
1710
9757
255
2220
8461
3663
4450
6111
3982
9874
9850
8302
3753
1484
8074
3682
8685
5780
2815
2011
8153
1762
7732
3140
7945
4218
707
5211
2389
5065
4054
6024
1366
4452
4803
731
8698
2003
3217
2761
2717
9834
2876
5738
5330
7371
656
8462
706
2046
6278
7526
5655
8828
2255
3142
2214
3409
3638
4806
4422
1236
4752
9189
4841
8890
4228
4864
3613
2200
8495
1978
1666
1378
7688
5266
3380
6093
4117
6779
4951
2295
5203
3471
7906
9715
1274
9400
3523
1119
5287
4517
1814
5278
344
1743
500
5919
1065
6745
3862
6235
4444
6142
2135
1780
8072
4847
7241
3442
9689
7923
6870
9469
5515
994
685
6738
2392
9932
3157
66
3925
333
2543
5162
841
1558
4753
3469
1872
9520
1986
108
7045
6205
2164
472
7038
2797
6734
8941
3598
2180
4105
7666
7764
9281
8206
8973
3618
2346
8816
916
5837
7491
9880
7818
8748
7421
3885
6857
7805
2051
9050
3371
8786
5728
1720
6404
3960
8740
8108
1863
7665
6396
9926
9399
7918
8426
307
2096
6138
3652
2330
4208
3239
9888
1899
7778
7147
2831
6199
5381
6219
4730
2573
7661
2319
4983
6180
7532
588
3280
8614
2749
4985
6476
1248
5513
4420
3006
6521
4407
5518
4534
7699
3187
9146
1542
5520
5657
3732
1625
1650
7193
6732
79
2242
9776
6028
7363
5483
6460
8347
705
7968
5789
1386
8645
5374
5565
5471
382
7092
744
5182
5645
5829
8415
6009
5023
9478
5152
3548
2310
2528
1352
790
6375
195
7709
7065
6877
9153
1168
2106
2618
4318
9806
1240
5583
2067
1565
8678
6574
2820
4160
1075
259
802
5227
8388
1208
4578
3531
524
1106
2254
2698
9766
5004
7572
2594
5884
3365
6413
4435
9948
5831
6931
6882
1419
7680
3118
846
2281
517
2070
7547
9044
3343
4545
4992
1860
6098
494
8607
8304
1598
4693
5650
8650
2787
2142
4715
7446
75
9811
2958
2338
7794
980
3934
2156
219
8401
3070
3319
4090
4371
1937
4484
546
7619
7704
3011
6561
533
1441
5644
1195
908
561
9852
5870
1599
976
3880
3215
4604
4212
2284
4529
9329
6524
7535
3120
4167
6796
1725
5800
6918
2793
673
3854
8613
7539
2792
4021
1889
9094
3069
6123
1749
7742
1962
7829
2303
20
5131
4709
5346
5363
6034
3708
7646
3095
4540
6986
957
6257
5514
7328
6605
3643
5223
3204
5119
1394
4640
9093
3312
2930
9553
6233
6286
9696
8323
9819
3957
1563
5961
5423
1557
1906
7562
7670
1080
7722
2996
5684
3761
9313
2562
9583
4585
6808
4126
9066
3134
5159
6117
1503
284
5821
8595
8971
4587
7379
5021
2364
4787
9517
3935
6017
9340
5469
2442
8856
8369
6486
5419
9735
3695
827
7195
8577
9101
5461
5366
5549
818
882
3198
7326
2816
5506
7786
477
4482
6435
5603
6971
1405
4272
3368
9474
4468
137
7405
7911
8260
9742
9778
5633
2356
9824
9720
6672
1766
3158
8498
7887
4894
9869
6052
6862
6777
3194
4909
2578
5342
2259
9526
7471
5743
754
5072
616
1458
3974
1495
4933
7903
8164
221
5348
7076
9369
5761
7639
7000
4952
3275
4476
7096
3356
6255
8892
51
5572
7165
4411
6359
6041
1803
4913
8214
3375
240
8791
8578
7411
5430
486
2148
8938
6837
8903
8169
4106
3221
1139
6980
6492
510
4701
7555
2991
4609
9900
9365
7759
2113
1910
9355
4574
8611
4674
2409
3690
7910
6019
1884
8249
9221
2398
967
192
178
59
5682
5842
4530
8419
5482
2425
747
7130
1221
2036
138
4055
2219
3943
7119
4829
9754
9786
4632
4946
1402
2031
3539
571
1162
148
8332
6412
4908
2262
9360
9989
1903
5424
3803
7824
8672
6984
2937
2917
7100
5060
7634
6565
838
1784
2897
6648
7059
2277
1177
4254
4558
6626
2166
4791
4920
4324
4862
2123
7876
2286
9121
7505
4998
2994
4743
4464
6920
4536
662
7273
2258
9998
6377
7875
484
7589
7230
7067
9664
9993
3608
1618
6564
2052
6928
1734
6652
4631
2913
8023
2830
4433
5878
944
792
9318
9007
637
9227
5002
5444
6545
4581
1594
22
2290
3584
755
6958
5790
5703
7129
9208
3846
4376
7826
2056
2267
9290
4454
2862
6642
3152
2608
5068
5275
1648
7369
9712
2100
7390
371
1745
2212
84
5581
9541
2298
580
9374
3973
7342
8342
8868
4277
9675
4024
87
972
861
1639
9943
495
9416
40
2843
621
8656
4539
2893
9845
1385
8707
8460
6315
6844
2393
3500
6431
8996
5578
2695
1178
2497
567
8846
2250
586
7432
4159
8956
7997
3172
7331
3964
9148
7799
3775
9617
6354
4559
8703
2541
2333
6717
1562
3852
7819
7297
5811
5886
9618
6311
8222
652
3487
3452
1234
6517
2146
3434
497
2064
2739
3496
1926
4498
8616
3660
9260
150
271
6470
232
5637
2381
7401
2856
4563
2026
9055
9671
2895
4247
8766
9534
2860
4802
3287
5566
1107
3136
8481
266
1700
6244
6284
424
9477
9792
7021
6236
3837
6440
2
2997
1949
8146
1003
1537
8718
2858
6166
4500
3501
3340
5139
5561
863
9957
3624
7663
3859
5920
2030
2851
5344
3245
1312
1506
7419
709
1203
1754
3429
9930
8357
8003
1411
5940
8423
7456
6000
8880
9222
1005
7082
718
3597
7724
4125
8770
5403
6534
6755
2689
1793
6211
9120
5012
9688
2916
9893
8186
7186
9061
2511
1151
6293
3143
9883
8576
2519
5952
4351
2426
1157
9801
1862
3997
2336
1102
1051
5240
6403
556
4053
7948
212
6833
2751
800
9904
43
1894
1840
9363
2126
2742
2331
7156
7235
515
6665
8096
8721
1578
1605
6584
2020
5516
8972
9922
1498
7457
847
1421
7075
9118
4975
8724
9252
9557
3379
9604
565
3039
872
5877
9097
4784
8843
7295
3717
3979
7708
9572
6317
4252
4535
140
7753
809
6494
3669
1132
7217
4832
4157
1629
9197
9921
8055
2778
9309
6727
7449
370
4887
3798
7707
1755
4346
1067
7340
1922
699
9938
5643
6993
37
5866
1561
3834
3589
1512
375
5588
5688
7962
9866
5362
1482
498
4537
3631
7105
8300
3786
478
6501
3464
8854
5757
4696
7425
2766
9716
1660
4910
2725
2651
8490
1574
2420
2703
626
7233
9770
8736
3996
6591
2552
9312
4884
7140
8531
1771
8325
2129
8390
9685
3971
4600
6716
8383
1556
3369
469
6467
4974
5215
9924
1849
8326
6818
3456
9493
5079
8855
1636
3414
2411
480
8177
4758
487
7947
8933
5396
547
396
2805
5889
5705
2283
9345
1524
8815
7060
1950
3014
2929
624
2969
9920
7303
6217
2490
5393
5438
1117
5402
6871
1188
8414
6021
7750
7380
2647
7772
9606
3666
2353
1230
3195
9381
3573
2814
4694
350
3999
3106
562
9522
2899
5972
7330
9185
958
2069
3607
5616
3910
9686
1455
4116
658
4819
6136
3901
6876
2676
1851
6625
8953
4830
2152
7107
5847
1124
5323
9389
9702
8582
1145
4912
8710
5896
7407
5007
99
9512
6260
5229
7495
3755
5648
8788
8652
2315
6644
6772
8762
7827
3399
9951
2888
247
8360
8066
6515
9191
5319
1066
8236
8631
7934
7933
9779
6798
3135
207
2332
5394
4973
8430
9856
1215
8949
1837
6562
9332
1525
7907
8459
244
5288
9710
6442
4112
9687
1388
9411
4026
4296
1450
2306
1554
1778
1233
8826
9048
6277
512
4263
6002
2678
8380
7094
4034
7534
3244
2139
9168
3114
2854
4096
4821
1244
135
8509
5678
1547
3235
6943
3847
3131
4302
5721
8296
3784
1409
7643
7351
8982
6658
6077
9380
8109
7016
1706
6258
732
9065
6082
2714
6525
2987
4114
7
1581
4179
2467
7190
9592
826
6085
2234
7714
1638
6510
536
7281
9901
8895
7507
1466
4716
6392
9646
984
618
5199
3161
233
5102
1403
9135
3093
2886
9605
7870
6290
1350
6080
7221
3449
8640
4255
812
2469
2683
4703
3019
4399
3977
9085
3721
5270
124
5043
4014
2368
2227
5848
7676
8
4494
9341
2782
8209
7651
4509
7913
4580
6914
8548
6937
7638
8482
5594
5984
6346
3404
5936
8965
2992
5456
5264
2741
1573
3656
4219
5598
2273
8341
5001
6449
1133
1193
9269
7090
257
9986
2173
9739
7775
2218
3162
2630
3936
4303
2024
527
8926
8263
6645
3254
7803
9762
3127
3354
862
2607
85
4704
4930
8084
7183
5656
220
4528
2904
2464
9915
5426
7451
2756
1582
2755
8885
4961
5693
5569
7592
8452
6388
1108
6399
9305
5416
6731
6845
4504
9107
5501
4140
6607
147
364
2538
3068
8103
3731
1843
6613
4322
1223
8639
7061
7885
7113
4271
6457
9105
4028
9761
9701
8076
3978
4050
5710
5951
1877
9511
2075
8798
7536
4283
6551
9183
3769
558
2776
5137
337
7399
5067
9633
3954
1612
186
7292
1595
6904
6988
4615
8539
2145
7956
6222
134
2666
4356
5277
4002
5094
5385
6938
6338
7384
32
6288
5104
7206
236
1008
775
6639
8959
3762
10000
6659
7554
7802
7821
7920
3179
9465
9846
7655
1072
7366
82
5392
6318
4493
1137
6939
5436
8167
7360
3439
5778
5630
4839
3679
8471
686
8799
549
4162
7046
1414
4388
5311
9354
919
9756
5781
2977
3612
3000
5305
2922
8232
1999
2268
8632
2136
3105
3559
3381
3800
6685
2383
8006
8335
9302
6373
9653
7040
6106
2110
9540
5445
5734
1538
3909
3742
3324
2376
1013
5729
8438
3815
407
8667
2581
6673
2236
6728
5407
7953
5902
3805
6314
9614
110
1861
5231
2941
7226
8659
1957
938
9740
159
5524
7426
8673
9241
791
2508
9196
3972
7332
5609
3336
4285
7788
8283
7022
3550
2675
4316
6669
9443
7515
8883
6302
6913
6382
2705
3047
4100
7014
2595
729
5337
940
1116
3863
8140
8852
9988
563
2848
3503
315
1545
3602
3259
4813
8116
9755
8720
9398
6170
5846
6105
2224
7781
3904
9272
7711
2870
6723
6600
4428
9468
6326
9929
9692
1291
2593
6633
9898
2415
8373
422
4068
5077
6361
6124
505
9037
1220
2450
5840
3544
4436
7644
2880
1335
7504
8508
3713
7346
4531
9339
4288
2359
5292
7387
2988
1499
5508
6268
553
8041
9642
8649
5045
4706
2251
8565
4748
90
3025
2978
9782
4984
8928
5126
9245
2468
1355
5210
5320
8367
6468
4048
3738
4080
4015
2687
6967
7736
5749
642
8348
1827
9433
8999
896
8133
6893
4649
8526
8352
3041
3366
4298
4449
9528
2802
1453
9397
522
5196
8911
953
3393
5995
9063
2004
1892
6953
6890
3428
6749
5786
8163
283
1353
9214
3232
6769
6112
5120
3650
5971
1834
1646
291
6559
842
2718
3651
5355
8199
8564
8248
7035
2261
7013
4016
4124
438
5926
8102
4343
9830
6181
4395
4870
9485
6789
6427
9100
3668
3536
204
8217
8587
741
5853
6121
4914
3104
5260
5542
5564
3169
8608
3001
8035
799
1923
9641
3167
9240
9891
6540
9178
6581
4799
1668
5238
9022
1925
6342
8318
1045
5658
6804
1114
7004
2694
5087
8406
8290
9431
2352
6637
3912
7787
2128
1101
501
9608
4052
3040
6190
2670
3917
2981
6493
6567
7033
8399
3283
7071
2664
8243
8583
9034
1566
6549
8100
1715
5741
6814
2655
4365
6961
3683
4081
9492
6611
8537
3466
1401
5156
2660
4223
2645
2252
7916
2612
3419
5621
5536
6176
7418
7556
1239
8117
2931
9805
6129
5422
7192
1753
5052
6300
9179
1621
8764
9084
7334
5892
589
3940
4328
8750
7790
2265
1242
245
1850
7482
2579
5763
8671
322
7317
4143
1564
9911
3271
367
7026
3384
172
4861
5726
8781
8378
559
716
6867
8308
8144
1885
1398
8636
3251
8879
5849
8522
1867
4192
931
155
6436
7867
4415
4378
4857
7474
8013
9343
5604
4101
7807
3482
9521
9905
6690
7544
1376
7007
3874
3248
1098
7154
3256
8255
6934
8772
1887
4291
6341
7762
2823
5793
9833
9395
796
575
5713
5345
4119
4354
2279
2976
554
1760
9255
1081
9585
9006
5725
2463
7731
4485
8207
7637
1579
9266
3658
215
9409
8007
8045
5532
5541
4204
3689
3509
2433
2094
3949
3454
7236
1288
3930
8626
7182
2091
3789
8847
8520
2360
6439
5213
9109
4533
3953
7302
3130
1593
6681
3193
8899
981
4700
5942
1936
6946
8496
4191
6099
1086
8314
4915
1009
4147
5898
3511
5096
7930
3796
2073
1611
8768
4241
4757
1431
6504
5732
8968
1705
7761
8273
4460
2208
4590
3018
4695
4588
1671
6505
5533
5885
4972
9822
7987
9247
7642
6248
9894
5236
1279
7391
4900
6631
3551
9140
8400
1488
4997
416
963
7542
8769
2822
5433
4030
3453
412
7981
2585
4294
7244
316
425
6498
3816
4769
6762
1555
1253
9638
2905
5155
4217
9017
1295
3814
2296
6821
1947
2378
4313
9073
9695
301
5950
4651
9624
2266
9141
990
2240
1261
6799
1713
5714
434
1707
5773
2049
6133
5026
107
1678
8505
7900
8099
2287
5242
6797
7834
7844
9495
5042
8813
488
965
9253
9265
3364
9436
2884
9484
1736
4633
1797
8161
3783
8346
8478
2119
1738
7804
8755
9336
2691
8931
6774
7990
9434
7797
6615
5475
5301
3363
5282
758
1686
604
1058
3175
6621
1290
4150
5838
2366
719
1004
2448
9218
3286
3763
1316
4384
9461
2483
835
7355
4627
7831
9219
2983
9996
5303
3785
2495
6895
2544
3385
3412
5850
5711
9881
2019
1722
8220
5318
8299
6851
4889
968
3330
5865
3861
4797
1036
5179
9597
5064
7774
8351
5623
9827
4332
6757
114
4592
7796
104
6242
8334
5509
38
4469
7180
7344
772
1487
4472
4876
4459
2639
1669
7499
8804
5071
2644
6661
3301
4123
6285
4805
4607
1138
8842
3318
7703
5742
6915
1711
1904
4586
8128
3043
843
4824
2733
693
318
5649
1806
5573
1588
8001
2405
7367
4079
543
6029
2546
1464
4315
8947
1166
5478
3459
1173
8424
8395
5805
6921
9206
5668
3801
4331
3477
8176
2247
5429
4097
858
3182
4222
4366
9005
7304
9570
9908
6204
9503
3410
8702
5944
465
9134
6395
7242
111
9437
6592
3113
6624
5005
4306
5401
745
8376
368
4430
7085
6167
1077
2370
8535
5587
4800
3072
6754
7131
7565
956
8521
9138
6407
9661
7258
9204
5994
7042
1074
8985
1025
9172
7475
7601
2304
9889
5378
299
5375
619
3619
5812
8371
513
8989
6307
4256
8817
6817
2722
481
6352
8397
4906
1059
2451
9810
8027
7137
1127
3257
6595
3939
4085
8946
2654
3230
3483
8945
3799
1913
7321
3824
7943
1965
7993
9861
7010
6758
5390
6663
4246
9320
8081
5905
5127
5690
3504
6004
6795
889
8131
1330
7540
2500
5280
5909
1357
8303
1919
810
9234
6479
5993
5405
2604
6344
1314
1915
7675
4122
4169
5397
6140
2611
277
6965
1765
6635
7352
7700
4917
6982
8784
8385
7595
7563
6143
4686
5809
4820
1348
3017
211
5825
7922
5552
3567
8256
3328
4305
3263
7976
6911
5779
2763
544
314
3644
4654
8839
815
7760
5019
5510
2833
7549
2482
9452
5640
7594
9721
978
1995
3352
3370
5443
93
5391
1241
9498
4521
73
432
2198
3382
9236
4249
6110
935
8602
3490
2959
9393
5724
971
6186
1717
9475
1739
1909
4487
9765
7877
2936
9274
25
5056
4823
5685
508
1828
7381
1712
8261
1819
7179
6078
6483
670
1199
979
8570
4713
4067
2650
1313
6154
4613
7641
3076
6589
3875
1191
4856
5626
6304
7166
6703
4274
3983
5776
4621
5625
4656
4924
3841
4911
9412
4076
282
8554
7204
6554
2084
1171
5531
1756
6647
7064
2466
3388
7459
6945
7158
1146
3709
7012
837
491
1696
4996
6955
2461
1000
3097
3007
2102
1052
1410
6378
5224
5654
3121
9887
5332
8238
1327
8872
4749
8216
9076
467
8629
8709
7430
2902
1053
3790
6786
4483
1099
5257
9170
1777
8329
5286
2133
2623
461
2275
6050
4440
8612
7996
9853
2475
5125
5859
614
4643
1548
1933
1938
1501
7833
714
6603
1235
3335
2557
7613
6768
3818
6415
1764
4898
6245
4918
3171
2599
7069
5358
9814
5975
8889
6389
3151
1935
5062
2784
3339
7566
2920
6948
5228
1347
2195
5958
395
404
601
3831
2029
3099
4513
7049
1104
4443
537
213
1310
8465
9975
694
876
7586
4193
8615
202
7789
2184
8961
8681
8075
3628
7584
8838
2001
4189
9362
3577
249
2307
3676
5212
9491
4001
8019
5415
5304
6887
2125
417
7479
6422
871
8297
86
7720
3981
3119
2385
5321
2324
1202
5008
3542
7098
5490
7431
3192
3729
2684
7029
6874
9505
3450
3522
8689
2700
9727
638
9288
644
4879
3722
2518
9539
1681
4307
743
3725
6840
9035
5010
854
6885
8083
797
7388
4495
7989
5830
7084
5817
9587
8950
7557
4418
1179
9636
2484
6834
2906
3438
4679
6705
4103
379
7679
6710
2033
1336
7160
1041
868
9615
4755
5579
9645
4091
7577
6084
8475
9106
9353
8446
6416
8147
8387
4617
6171
5764
2842
3078
1026
773
6619
3065
660
9895
359
5867
1985
5617
6155
6451
5756
4747
4394
8780
6793
9482
7194
2985
6437
5241
4310
6959
157
8761
4501
750
7530
3921
222
7243
3530
4623
9669
4019
3827
8486
267
3574
6312
3687
489
5888
5635
91
3108
3913
5646
9907
9774
1436
2012
1256
8458
2059
4451
7329
3247
9994
9983
7612
9425
8746
8654
3227
9514
3422
1551
8034
2900
4901
3216
3234
8981
3289
2311
4355
7017
6742
1655
1624
5462
2940
6091
6191
8095
1324
5283
6543
275
3757
3777
8942
4595
10
1282
8356
5298
2434
2887
1795
3051
8170
3549
680
224
3611
8758
8621
1039
6408
1442
2402
8192
9593
3667
2571
7533
360
3610
657
937
9902
7673
5400
3036
663
3826
6966
3830
2829
8127
2563
5608
2750
514
8957
8759
5537
8679
5472
1609
7455
9780
7631
5128
1854
648
1983
5343
5328
9427
2932
9537
8049
3098
4557
9062
4341
3285
8832
6743
4178
6064
6570
8403
9123
1297
4771
4132
4006
1654
1952
6040
4556
5737
9619
9450
7681
9181
2569
8288
5427
851
3693
5089
23
4507
3190
1945
9867
4657
7210
4342
3832
4139
7622
6526
1984
2737
6514
6215
906
8237
343
3262
3633
932
4603
9501
8247
327
3346
4896
9458
4004
4128
5674
7501
6897
6872
7199
585
476
2322
1097
4596
7417
2609
3748
4978
918
9966
5161
5707
6557
1197
3994
2178
5494
951
3890
6141
6086
4292
4653
413
3282
9602
5484
5140
9394
798
4457
4698
1306
6532
997
7886
4624
6550
7503
4196
4582
9760
3833
1569
6356
891
5982
4850
2565
6331
5748
6741
5465
3124
4012
6846
9576
6954
2507
1469
270
2572
6653
4023
8472
7126
7970
1319
5986
1320
8936
6617
7374
8184
1437
895
941
324
1129
3929
646
8039
4897
1002
9857
5467
6889
2504
8525
3316
5727
1802
5428
911
1661
3479
7003
702
7866
1115
5788
9797
664
9903
269
2377
6182
6628
6068
7208
7444
5558
9547
7979
3967
4848
2417
7625
8037
55
4474
2699
170
8230
4639
4442
3295
6981
9631
4043
456
6860
9075
7338
5170
7149
5665
9864
5134
1767
8139
777
1603
927
723
4541
3534
9832
6841
15
2592
1030
8345
9337
464
3196
8501
9556
2729
408
7002
4425
3524
2863
2143
4722
720
4390
8962
8753
8098
1015
1568
102
3048
2634
1824
4329
1497
7635
1423
4705
6102
504
6951
9300
1869
4646
5157
7822
5138
4938
9589
2688
9667
9316
8566
5409
7252
8820
1392
6856
4022
1189
3952
2232
8085
101
3357
9296
336
9913
8305
805
8896
2582
647
1068
4234
3701
5740
3941
6144
4544
6148
2177
1733
8863
9665
6588
5039
1896
7207
7080
5590
3475
4711
1457
6239
3563
1773
3599
7227
2721
5934
1113
6979
4350
7924
7812
9487
285
5618
7124
8413
7931
7743
3075
7837
7368
1939
356
6650
7030
1011
238
2781
584
8596
6679
8619
5198
3378
7516
6119
1035
8964
5014
1642
6324
3188
5091
3110
1971
1540
8738
6950
887
8966
6282
3321
1372
8696
6622
8848
5638
5592
5425
774
5670
2499
5220
6031
2824
925
9143
9150
4174
4251
9693
7524
5752
7361
4400
2559
6835
429
4013
1064
8886
3460
1714
4518
8925
5249
6491
6046
2477
5373
8030
3100
7019
8135
2584
2060
311
9077
4375
6280
292
7051
7558
2403
9909
7988
8239
7261
7746
7278
49
3181
7991
1231
7682
8944
3398
7413
9525
5340
5769
839
5297
9024
3963
7543
4061
7735
8584
9916
5048
1719
6576
3296
6770
8499
5262
201
1517
4445
48
4110
7259
8751
7757
5985
2494
6480
9331
7518
1831
1626
8350
1430
5163
4928
7489
1888
3306
6088
7863
9962
9472
9950
725
5180
9115
6884
4077
6929
5173
1100
9684
4833
819
6496
8677
3914
369
9577
9876
7871
1294
8053
3718
387
817
4289
262
5663
5956
482
4863
2271
8878
1844
5432
9008
1796
1420
8934
4041
9706
7984
8797
4506
8605
6942
6365
4402
5973
9748
6989
5386
63
5745
9379
1292
6974
1404
3562
446
5146
1163
4572
9763
2514
2276
8487
7445
2935
825
8909
7309
5720
6922
214
2923
7872
3403
4532
6402
6935
3547
7483
3327
490
6906
9016
9886
3010
9991
1148
3024
8819
4264
7958
1973
9047
280
603
9470
6173
8900
5964
2879
753
5673
2616
2111
1265
4003
5145
1875
7110
3498
6957
6230
4120
3540
3067
9275
6822
7097
1315
9750
7023
5271
3812
2147
615
286
11
8235
5747
5030
3937
5880
3303
2974
6425
496
2204
8648
5991
4789
6033
1096
9747
2794
5500
6172
210
8683
7770
2155
7763
9836
836
5450
2248
8601
9242
801
9326
5996
4197
4929
5025
6894
394
2245
6765
7710
3027
5774
8092
6276
6301
770
4661
8730
8518
4102
7978
9732
3325
5939
3724
7568
6751
1448
7465
7447
8056
1519
3443
6238
2549
3144
419
2631
8939
7694
6764
1027
9342
4687
6891
5075
3966
9691
5122
8266
4853
7238
4382
8268
1400
7148
5070
89
1249
4710
9717
4648
1417
9169
6299
8120
3756
947
9095
6469
4326
9270
9785
3279
9575
5946
3987
5954
4074
1772
4875
4652
9944
2979
960
4611
2496
5978
2014
1728
4629
570
6047
6482
7196
4688
5468
1589
8533
4934
3778
1071
1380
7630
9198
3261
1969
761
7423
1667
9666
8858
7439
3603
8618
879
7056
2058
4561
6444
1515
427
6684
6177
788
8447
8166
2708
7422
6903
6912
3924
9087
5059
8104
1305
5105
3707
4040
4637
9079
3252
6651
6587
3888
6506
9917
4662
9724
8726
3080
9726
3055
13
8324
3089
7550
2325
4046
6849
8059
3819
5910
6291
7228
8189
7467
4772
1643
3703
3702
3672
5308
3970
6203
9999
433
1820
3223
7873
3387
4412
4238
1647
7276
7696
9401
4616
2422
8182
7185
8433
9182
8811
9133
7701
4895
8976
9586
2540
5927
7647
3795
4991
2764
6051
5476
650
9406
4708
1019
6487
8801
5799
3752
2533
4099
457
4702
7218
5314
3907
6273
4538
5526
2082
5882
8436
7946
1205
2357
933
3250
7751
6847
3653
1227
9958
910
8873
9550
6873
8771
3794
8729
4576
1839
7306
7410
158
7161
2432
9026
6263
534
6202
5457
5512
6054
4276
352
7985
8123
8547
4434
197
7614
2762
1508
4309
8364
2446
6089
4039
998
6020
1293
5894
7157
4381
1247
8800
5957
6569
8048
4816
6726
4308
7320
2801
2099
7721
5808
12
3587
5487
7376
4145
6499
2150
9334
9847
2943
4333
27
786
7138
7280
1031
6010
2966
6999
7247
4871
7416
4737
4761
9165
4236
5387
4404
6869
5453
1439
2431
8901
8200
8600
209
5943
6179
5441
8882
2107
5051
2998
9213
9264
2580
7480
9784
2016
1721
1345
7609
8930
6991
2371
7305
5247
6956
8122
1905
9002
3990
7211
7152
748
1779
1663
9370
6825
2602
1465
1427
5777
1468
8014
5857
5861
5624
4723
2835
126
3115
8794
6058
5460
2859
9405
6657
8785
5906
4638
2485
651
894
2337
362
7497
888
9848
6485
4527
7893
8752
6702
4729
4426
8450
7658
3640
6269
6687
2686
8995
7729
5965
983
2864
6383
4553
9110
9303
7068
3229
7809
53
2735
7108
5595
8473
8504
1846
3900
6855
8723
7055
6271
7052
8269
1644
7120
6586
8484
596
1169
1264
8282
7187
6809
2821
2229
1900
5098
7512
9372
4017
250
6580
7481
1494
3839
5521
8569
893
2063
8178
5066
8091
6593
6601
9599
3168
1270
4389
8434
1040
1768
3627
463
7274
61
2430
2257
1679
7339
6462
850
2681
1349
923
9817
1267
6287
8145
2034
5887
349
3646
4675
3843
8562
2728
569
6073
2042
9375
5576
8888
6401
9042
9936
1951
5011
6394
8978
4546
3792
516
9068
5041
2769
8502
2072
5361
4064
4281
7089
6459
4335
667
7222
6131
1590
9228
1017
5454
3566
8684
9217
4095
5322
8777
5108
5962
8775
1076
7705
4181
5696
5600
1677
3485
8763
4345
1723
2196
3654
4669
9985
289
9004
331
162
6907
3867
4982
2202
1183
4259
2838
3066
6713
1786
8298
7726
6556
7667
7747
7588
8377
182
3045
1471
9808
7632
4976
3751
4685
1845
3441
1252
7633
8420
9018
4995
8315
2018
1091
2130
9001
2038
97
1121
256
7191
9173
1269
7088
8542
6996
4275
9679
281
3892
9611
2710
342
3213
3835
1930
2636
3376
7800
7177
9870
3277
6247
6048
8715
4774
6782
7779
6572
4892
6237
8787
9718
4190
4131
1586
3927
6512
4029
4380
5772
3521
1584
920
3993
3965
6065
502
1794
7664
5230
8187
4461
2190
5661
3208
2910
8898
1918
9088
5110
4993
1870
7066
2600
5380
8008
5327
2925
4185
3746
8068
3148
9059
3596
9335
3351
1559
4508
4512
4327
3533
1377
7121
6335
2680
1791
752
9799
5651
4707
5806
7806
3730
5694
3448
8827
6107
4280
6555
5897
9771
9620
2982
5775
7982
5032
9729
2928
7442
3278
1056
5992
248
4231
466
9759
1246
1370
9603
5245
1680
579
1789
4391
3049
2832
9205
7263
8124
3467
1182
899
1150
9969
9927
385
1716
9939
6134
6045
9147
1635
4860
6806
1731
2517
3710
4286
7674
8119
9551
8408
8987
8002
6376
1365
9014
6815
459
2429
1367
7836
4721
1742
7599
4571
4927
4104
7173
8114
2345
8669
3918
8812
3681
821
9445
608
5717
912
5150
9578
654
8803
3494
109
587
2674
65
330
4005
4406
1732
6475
8796
1641
9878
7408
2238
2326
2965
5584
8550
7316
4811
8789
2773
6385
6707
7695
8285
5959
9307
9462
661
2095
4745
5192
468
9293
6697
4515
6432
6447
5480
804
6189
8687
9515
6264
4044
993
9119
1460
6538
5879
9871
4320
9884
715
5722
5519
8416
9357
5945
9844
2622
4801
7691
2967
6519
9129
9508
8744
5338
130
3685
4339
2278
4051
934
1684
7727
4618
9798
7150
8392
24
5733
1521
4750
7890
9542
4542
1337
1334
1815
3073
1389
7472
8975
4979
3556
7628
5744
1438
4605
7037
7977
7683
814
7311
5054
9672
7957
5353
2760
6839
8737
3975
8476
3088
783
5237
4851
9104
8591
3408
6863
5269
7591
5434
9849
3058
2246
6206
5017
1763
8555
2285
7784
4554
321
1967
3264
4447
5712
4488
4270
2950
9734
1836
1175
9897
2877
7909
4671
2222
8077
4466
6905
5862
8920
5274
7891
2637
1303
7999
3210
9781
1841
7671
8517
9588
8437
5111
5447
8264
8561
5814
8107
4981
6213
7579
1210
483
1601
2044
5723
7318
2834
7692
3315
317
3884
5057
9934
1391
3776
2441
3926
3488
141
9103
6340
146
2171
9738
2071
6433
8658
6599
9251
6497
7862
7926
2349
2174
7624
2526
4967
366
898
5602
3478
5557
1186
3896
5662
8503
1018
1640
3579
9032
4045
6279
5677
8394
6398
8597
7048
2388
381
3958
4115
4107
9020
5491
1737
4740
6075
8211
2169
6620
7964
3772
1852
7884
8432
733
2649
4496
2170
2458
9262
1530
4775
7767
288
7998
2813
4987
1204
81
1968
7728
2363
3002
3395
5395
3773
1034
5913
6379
8087
2944
9728
1413
8861
1287
5410
7702
7294
1136
1948
9788
7375
8021
1631
5969
2153
3160
4756
4202
2308
1855
339
4364
3984
9590
6027
795
7205
1257
2488
253
8036
2704
7581
6680
475
1966
6066
764
2901
3592
7325
2316
5543
3383
2668
5347
6788
7840
3177
9955
5680
6568
3455
3648
3932
613
218
2975
771
8963
145
3779
8379
7370
3435
8141
9949
4480
7134
7523
8557
3535
1055
892
6699
4321
3255
9304
2908
6035
1956
1868
6426
3240
3686
5368
3998
873
4966
2866
5309
2089
163
3267
8783
5591
9163
8598
4369
2327
8623
5998
5718
3154
4173
4008
7919
1597
9793
405
7546
5698
767
1694
6831
6456
4470
8918
4227
3090
3402
2161
6706
8708
2615
8440
3034
7888
3715
9648
4630
7604
4206
6108
7143
2465
2022
7246
7808
521
8546
6886
7865
7777
884
900
8277
7163
5055
4268
6060
8641
9054
4209
8064
776
7606
7164
7358
357
8152
4456
5214
4419
4843
9256
4010
9078
7895
1591
3311
7232
4304
2435
4959
6636
5704
8682
9977
1440
5504
5164
6666
7486
6210
9918
2206
2509
3828
2869
1094
3156
7277
9524
742
8653
7811
2114
5073
2253
3180
4463
511
7583
7874
6785
58
361
6649
9560
5186
1275
6541
5981
3719
7073
9325
5871
6803
6185
3853
5101
2457
6325
2957
3270
5389
5376
6766
4891
3569
1604
695
9704
2663
6714
6919
9259
8317
4965
3899
2023
4473
2791
6272
6998
5999
6229
1033
2335
4878
193
1927
8020
9812
6566
5525
6159
8082
9807
279
4198
9426
5417
1907
3332
778
6481
6103
1322
6529
9176
2428
414
8221
1526
2205
7135
1451
9651
6802
5217
7776
8929
5193
2093
3012
5141
7308
641
5538
6606
6759
3331
4569
9199
7262
2539
4601
7932
1307
4299
14
323
3616
8253
164
8093
5130
9662
6655
1529
555
5634
3003
1325
7519
4957
9698
5593
9011
550
6424
2300
444
885
6023
7383
365
56
5003
3770
1326
6610
780
1724
46
8381
6800
9736
4229
3697
2237
6310
1083
2746
5502
9441
7372
5700
3560
6120
704
2621
7333
2626
3771
1842
9067
9043
8706
2160
4794
8664
3052
8330
7128
2410
4127
9826
6001
9111
8739
6718
2309
8905
736
3639
2122
6295
9500
8731
8286
2471
7057
1344
8642
308
8951
237
3053
1509
3416
9719
572
1085
1997
2453
9039
6188
1397
426
6917
9239
6061
8148
6252
7476
7654
6109
6220
4712
4361
2828
5093
2707
6558
5090
867
612
9947
7337
1805
740
1390
7365
7791
1354
6763
5078
7284
9670
3305
665
4235
4844
1998
8033
7967
252
9490
6192
9167
2186
5900
8333
1480
1329
1483
7168
2646
1090
5486
5612
1832
7009
6676
418
7596
8530
4937
6322
2589
3877
2241
9384
1341
6985
7649
5369
2521
2956
6096
1596
9139
4070
9591
3615
1782
338
9928
8468
1382
852
2610
4245
6927
9432
8958
763
2726
5664
6452
2628
8835
6829
6836
3022
8307
8174
2282
5316
2492
6448
6678
4392
7493
358
6022
9713
1343
9745
7974
1342
1759
2399
8011
2443
7072
9533
4770
8867
9306
6471
6535
5916
6916
1929
7079
9483
8287
6218
1415
2395
6178
4877
7240
4370
8836
2302
5823
1016
4809
1823
9473
5890
560
9612
1447
168
9937
36
6527
1807
3292
5801
6371
995
1046
2439
5883
5097
8558
5835
2343
272
6477
5577
440
451
123
8358
7406
2117
8162
4059
8090
8311
4999
683
3864
6253
3976
2207
1110
303
9387
3155
8970
1093
2140
734
6654
1373
1084
6638
4672
3674
675
8338
7139
8585
9507
4865
4363
9708
2617
3961
4155
6756
9967
9028
5547
363
8233
399
2915
6826
5044
2529
5047
9333
6418
9854
9162
3417
479
9453
2972
6251
3519
3838
5755
4519
4214
7188
2274
9142
3241
3008
2545
1619
3870
1898
4893
17
6250
1746
3431
6711
7712
4118
2712
5477
2493
1212
5548
9683
9276
5695
4317
7290
6674
2340
9610
6660
6423
4523
5256
1470
7058
6463
9855
9126
5528
7041
864
5979
3298
1122
669
3931
6577
7203
4738
6095
2857
7385
4815
5258
458
4377
7282
1481
5259
421
7817
7904
8467
2459
7314
251
9796
3712
5841
1634
2077
6987
7830
5702
6892
6409
6531
1897
9459
739
5963
3908
5310
1692
610
2374
5659
6780
5455
7587
8218
639
3866
4151
6850
5357
3502
5218
5261
1222
9210
6828
4790
8276
7106
3823
538
5922
7838
552
7755
9187
7174
1375
7453
1690
9652
1012
7559
8044
9554
8805
6830
2127
3625
5151
8231
9574
1363
7327
6240
347
4372
9654
7099
3391
1406
5911
6139
4735
5613
2706
2456
8589
2355
7975
5116
8937
9442
9637
3225
4939
803
2231
6767
9131
9488
3344
8617
151
3313
34
5807
5529
1263
3741
4817
226
5251
4954
7265
9223
297
1799
6231
6513
2039
9838
9879
1250
4522
3372
4144
877
6241
914
294
8054
7616
7220
3077
5284
6691
7600
1689
4195
9064
622
7882
7928
6500
840
2844
5907
6700
1567
6289
5092
6698
6824
7669
7992
1914
6773
7249
9486
7095
3620
631
4258
5974
9114
3840
929
6360
4137
7101
6466
8644
3481
3426
4989
2986
4186
8483
3050
7323
6827
4676
8343
3634
3915
5585
6174
2481
3362
9051
8954
45
2144
595
4689
3774
3883
4098
5412
2591
5222
106
5730
7463
3465
3299
3062
5719
8754
8444
2809
2002
6790
7224
759
5787
7299
5132
1088
6430
6752
8979
2462
6686
751
3222
9327
2808
9680
5166
5915
8567
1735
1656
4645
676
265
8097
1553
7200
5881
2141
326
8150
8366
485
4401
185
2867
7020
7617
678
2159
5827
2217
6265
8984
4403
785
5235
4330
6417
2163
721
2437
6410
7839
9367
5016
2269
9180
6900
8240
9858
9579
3704
2423
1576
583
5254
19
5872
9571
1078
5544
1546
3641
1289
7267
7111
557
6319
7868
5750
4956
2574
1021
7198
3304
566
5977
8627
7239
1207
1637
1958
9940
5967
9863
1687
682
9230
3197
7500
4780
3411
959
2745
2317
9815
2233
3782
9284
3726
392
4874
4779
9945
1587
377
9231
9910
5860
1001
1801
7537
766
302
2827
2596
3671
9968
5219
3876
5339
4593
996
3655
8765
5968
6374
5112
3401
5824
1475
4290
6294
9321
2390
901
9092
3696
4446
2939
2817
787
9992
9663
7610
525
5715
8344
5103
1674
2754
2473
2874
3678
2235
7950
9352
5639
1311
6135
1014
989
9045
4176
6063
2531
3733
8061
4888
2015
136
2165
2890
9821
7378
1500
3629
2952
6309
3675
7980
4232
2738
1676
7856
1857
8031
8110
922
132
9423
9584
4886
2960
8411
6116
7393
4233
1161
8336
3728
2767
6351
3605
4845
4520
8191
2889
7853
2501
9581
6896
6683
2641
8228
5359
2911
6520
9676
7690
762
831
1010
306
2772
6305
8625
9301
127
1238
6546
717
4969
1698
3237
5555
6026
5535
1572
70
3621
3359
8024
7502
3386
9102
1675
8025
6784
7738
4936
2192
7869
8540
8365
7842
2586
293
3284
4881
2949
7553
1880
6858
9419
1628
3360
6878
3988
9616
5325
5013
8594
6930
7820
6973
2715
5580
4250
6992
8510
1271
6216
8635
7229
4655
9403
6165
1062
4526
7766
9460
5088
7223
9682
8134
7611
620
2085
632
3515
1608
7011
3565
2971
2079
2551
5530
5832
1425
9057
8143
3476
4439
4792
1278
698
8690
5932
3273
9595
4416
3933
2989
7237
1776
1730
6118
8586
4516
1
7171
6313
2730
9629
578
640
4154
3015
3891
6924
9158
8026
3578
1262
3170
1505
5106
194
8258
7597
1459
645
1685
9804
9268
5248
6333
1544
3480
8864
8935
1617
7266
470
9128
6366
599
1751
3470
329
4282
4940
982
4083
7648
2318
1339
2642
8274
4840
9038
3684
4814
5114
6
5175
5204
4242
2239
2460
9212
7255
3004
3165
2211
4885
6147
2606
2176
2249
5687
403
7879
96
6583
1268
3916
3754
7083
2193
2845
1418
9435
8198
2912
8353
7364
8172
3268
165
160
8795
8646
7454
9596
6036
312
3513
5851
9232
16
7434
6270
597
746
122
4393
4635
171
156
3297
5503
6083
5918
539
1729
9787
3302
6072
820
3920
701
8291
9464
2321
999
4907
2891
7615
1070
8310
6609
1908
7689
5499
5746
545
8137
9156
8448
7028
8699
6608
4349
2382
1511
9125
5852
9203
2221
4598
3032
6614
6994
6274
849
9772
1496
5160
8773
523
1702
7693
5904
7077
7054
184
8960
8257
924
8825
789
4323
9818
5167
2301
9862
6560
7706
4031
4953
4225
6881
5955
6585
8515
6898
2313
6015
7395
2836
9513
1651
1200
309
1774
5758
9549
8188
8551
6146
7301
7350
977
5273
4724
735
4826
6298
9875
8435
713
3716
5470
8405
7575
1942
9564
883
3064
7176